460
48 153 3 2048 2.000009700
33 259 3 2048 2.000030119
35 318 3 1024 2.000046844
38 194 3 512 2.000088847
8 231 3 512 2.000110362
17 294 3 2048 2.000143277
38 155 3 8192 2.000214013
0 32 3 512 2.000217966
40 104 3 4096 2.000247297
38 31 3 1024 2.000268566
19 76 3 16384 2.000287382
33 47 3 1024 2.000296427
46 34 3 2048 2.000345308
13 170 3 2048 2.000361769
36 105 3 2048 2.000415547
38 140 3 4096 2.000477070
9 175 3 1024 2.000564926
43 152 3 512 2.000568543
29 292 3 1024 2.000626227
12 273 3 1024 2.000636516
26 166 3 1024 2.000764722
18 137 3 1024 2.000776127
9 55 3 512 2.000879590
18 38 3 512 2.000887241
18 183 3 1024 2.000902296
7 14 3 4096 2.000925638
36 54 3 512 2.000966248
24 319 3 65536 2.001000000
53 319 3 65536 2.001000000
77 319 3 65536 2.001000000
85 319 3 65536 2.001000000
93 319 3 65536 2.001000000
145 319 3 65536 2.001000000
169 319 3 65536 2.001000000
191 319 3 65536 2.001000000
208 319 3 65536 2.001000000
227 319 3 65536 2.001000000
231 319 3 65536 2.001000000
235 319 3 65536 2.001000000
253 319 3 65536 2.001000000
256 319 3 65536 2.001000000
265 319 3 65536 2.001000000
285 319 3 65536 2.001000000
43 266 3 1024 2.001049480
42 105 3 512 2.001055369
1 224 3 8192 2.001132940
21 275 3 1024 2.001177559
25 20 3 1024 2.001186959
47 96 3 4096 2.001187799
39 267 3 8192 2.001241061
0 230 3 1024 2.001251308
25 130 3 2048 2.001330092
38 97 3 512 2.001332875
15 82 3 512 2.001335082
46 40 3 4096 2.001474250
36 51 3 8192 2.001551878
48 276 3 512 2.001561758
15 123 3 512 2.001611797
36 305 3 512 2.001621401
6 311 3 8192 2.001626170
6 262 3 4096 2.001634818
42 200 3 8192 2.001679992
25 42 3 8192 2.001800385
34 284 3 512 2.001887949
21 173 3 512 2.001938453
16 163 3 1024 2.001958339
0 107 3 512 2.001972493
31 34 3 1024 2.001999471
13 318 3 65536 2.002000000
52 318 3 65536 2.002000000
69 318 3 65536 2.002000000
83 318 3 65536 2.002000000
103 318 3 65536 2.002000000
147 318 3 65536 2.002000000
199 318 3 65536 2.002000000
223 318 3 65536 2.002000000
229 318 3 65536 2.002000000
237 318 3 65536 2.002000000
249 318 3 65536 2.002000000
264 318 3 65536 2.002000000
272 318 3 65536 2.002000000
276 318 3 65536 2.002000000
293 318 3 65536 2.002000000
309 318 3 65536 2.002000000
24 304 3 512 2.002014227
0 199 3 1024 2.002015933
10 64 3 8192 2.002020159
25 315 3 4096 2.002026684
3 206 3 1024 2.002056728
33 309 3 512 2.002060310
30 156 3 2048 2.002062042
48 161 3 16384 2.002106290
41 228 3 512 2.002177376
43 76 3 512 2.002177628
29 193 3 1024 2.002202062
24 310 3 8192 2.002212911
5 276 3 8192 2.002223539
26 249 3 8192 2.002235940
8 127 3 512 2.002238645
20 319 3 4096 2.002285488
14 193 3 512 2.002300376
3 280 3 4096 2.002343681
1 176 3 512 2.002348799
26 307 3 1024 2.002427650
7 281 3 1024 2.002449649
16 32 3 512 2.002526069
32 309 3 512 2.002551656
27 228 3 4096 2.002697798
1 235 3 8192 2.002721767
6 287 3 512 2.002739401
9 107 3 8192 2.002858327
38 142 3 2048 2.002865786
19 163 3 512 2.002890830
21 213 3 16384 2.002943171
30 271 3 512 2.002963457
2 61 3 2048 2.002969442
21 181 3 1024 2.002972011
24 317 3 65536 2.003000000
35 317 3 65536 2.003000000
44 317 3 65536 2.003000000
47 317 3 65536 2.003000000
49 317 3 65536 2.003000000
59 317 3 65536 2.003000000
76 317 3 65536 2.003000000
112 317 3 65536 2.003000000
164 317 3 65536 2.003000000
166 317 3 65536 2.003000000
171 317 3 65536 2.003000000
179 317 3 65536 2.003000000
227 317 3 65536 2.003000000
235 317 3 65536 2.003000000
244 317 3 65536 2.003000000
266 317 3 65536 2.003000000
42 53 3 512 2.003005407
11 318 3 1024 2.003080648
16 307 3 8192 2.003102776
40 27 3 2048 2.003135050
13 188 3 512 2.003140802
47 131 3 1024 2.003142468
47 272 3 2048 2.003155027
33 121 3 4096 2.003194733
16 110 3 4096 2.003281126
48 292 3 16384 2.003289297
41 46 3 512 2.003300372
34 118 3 1024 2.003309055
13 120 3 4096 2.003323494
5 207 3 1024 2.003424201
29 142 3 2048 2.003431594
24 90 3 512 2.003492152
14 289 3 512 2.003507528
28 12 3 512 2.003540242
37 40 3 512 2.003628869
25 41 3 1024 2.003655083
33 38 3 2048 2.003668211
9 10 3 512 2.003711860
36 17 3 1024 2.003730276
23 140 3 16384 2.003772681
48 210 3 1024 2.003790805
11 177 3 512 2.003797830
22 115 3 512 2.003823624
44 28 3 512 2.003859236
46 111 3 2048 2.003862380
41 154 3 512 2.003895031
18 78 3 512 2.003901171
14 151 3 1024 2.003976166
18 316 3 65536 2.004000000
50 316 3 65536 2.004000000
66 316 3 65536 2.004000000
69 316 3 65536 2.004000000
82 316 3 65536 2.004000000
88 316 3 65536 2.004000000
90 316 3 65536 2.004000000
136 316 3 65536 2.004000000
183 316 3 65536 2.004000000
195 316 3 65536 2.004000000
197 316 3 65536 2.004000000
210 316 3 65536 2.004000000
211 316 3 65536 2.004000000
237 316 3 65536 2.004000000
264 316 3 65536 2.004000000
267 316 3 65536 2.004000000
35 127 3 4096 2.004021330
31 148 3 2048 2.004068258
34 247 3 4096 2.004079994
30 199 3 1024 2.004091803
43 167 3 1024 2.004137746
23 36 3 2048 2.004146980
46 221 3 512 2.004149991
0 1 3 2048 2.004186161
47 249 3 512 2.004245881
21 70 3 512 2.004331986
24 291 3 2048 2.004332710
35 84 3 4096 2.004339461
17 199 3 8192 2.004411835
15 222 3 8192 2.004428247
17 95 3 512 2.004475157
9 18 3 2048 2.004476771
3 191 3 512 2.004602616
41 133 3 512 2.004627510
8 94 3 512 2.004649521
0 117 3 1024 2.004653990
13 250 3 512 2.004722762
9 259 3 2048 2.004740559
19 308 3 512 2.004757251
8 81 3 512 2.004758359
39 280 3 1024 2.004797588
0 162 3 512 2.004816890
41 194 3 4096 2.004837888
46 249 3 2048 2.004843406
0 277 3 512 2.004855826
22 245 3 8192 2.004855880
31 79 3 2048 2.004857638
36 313 3 1024 2.004866119
44 294 3 4096 2.004979699
32 315 3 65536 2.005000000
45 315 3 65536 2.005000000
52 315 3 65536 2.005000000
87 315 3 65536 2.005000000
88 315 3 65536 2.005000000
92 315 3 65536 2.005000000
99 315 3 65536 2.005000000
152 315 3 65536 2.005000000
201 315 3 65536 2.005000000
211 315 3 65536 2.005000000
258 315 3 65536 2.005000000
267 315 3 65536 2.005000000
268 315 3 65536 2.005000000
274 315 3 65536 2.005000000
290 315 3 65536 2.005000000
319 315 3 65536 2.005000000
43 143 3 1024 2.005045831
11 221 3 1024 2.005084665
39 274 3 1024 2.005133477
15 277 3 8192 2.005146178
10 156 3 512 2.005167843
27 86 3 1024 2.005195847
10 152 3 2048 2.005287975
46 102 3 1024 2.005347539
29 261 3 512 2.005366937
44 125 3 2048 2.005418142
7 282 3 4096 2.005430593
42 268 3 16384 2.005551801
16 277 3 4096 2.005554157
28 279 3 512 2.005617950
35 297 3 8192 2.005646845
15 129 3 2048 2.005672130
38 229 3 1024 2.005688133
47 261 3 4096 2.005691088
23 188 3 512 2.005712646
20 105 3 512 2.005875909
45 272 3 1024 2.005891122
9 112 3 16384 2.005929108
13 53 3 512 2.005932925
45 128 3 2048 2.005935689
14 314 3 65536 2.006000000
21 314 3 65536 2.006000000
29 314 3 65536 2.006000000
109 314 3 65536 2.006000000
131 314 3 65536 2.006000000
142 314 3 65536 2.006000000
146 314 3 65536 2.006000000
150 314 3 65536 2.006000000
182 314 3 65536 2.006000000
211 314 3 65536 2.006000000
220 314 3 65536 2.006000000
241 314 3 65536 2.006000000
258 314 3 65536 2.006000000
289 314 3 65536 2.006000000
294 314 3 65536 2.006000000
318 314 3 65536 2.006000000
37 245 3 512 2.006040900
26 151 3 512 2.006053334
10 129 3 512 2.006100905
11 199 3 512 2.006108801
4 303 3 1024 2.006171795
18 167 3 512 2.006173020
27 62 3 2048 2.006215403
32 210 3 4096 2.006234427
15 106 3 2048 2.006242455
3 55 3 2048 2.006249059
15 5 3 4096 2.006303523
48 265 3 1024 2.006369213
2 256 3 8192 2.006382336
36 140 3 512 2.006508826
16 182 3 512 2.006510132
24 253 3 2048 2.006635616
1 213 3 4096 2.006665291
13 194 3 4096 2.006721286
20 80 3 512 2.006732055
22 172 3 1024 2.006740717
37 297 3 512 2.006770711
26 286 3 512 2.006772656
39 136 3 2048 2.006773768
40 262 3 1024 2.006812551
21 203 3 1024 2.006999273
18 313 3 65536 2.007000000
23 313 3 65536 2.007000000
35 313 3 65536 2.007000000
43 313 3 65536 2.007000000
66 313 3 65536 2.007000000
83 313 3 65536 2.007000000
140 313 3 65536 2.007000000
154 313 3 65536 2.007000000
177 313 3 65536 2.007000000
186 313 3 65536 2.007000000
191 313 3 65536 2.007000000
258 313 3 65536 2.007000000
264 313 3 65536 2.007000000
271 313 3 65536 2.007000000
293 313 3 65536 2.007000000
304 313 3 65536 2.007000000
47 20 3 1024 2.007018165
12 120 3 512 2.007032680
26 224 3 1024 2.007090671
12 68 3 512 2.007094976
37 81 3 4096 2.007100041
34 168 3 2048 2.007124296
26 310 3 512 2.007137942
11 166 3 2048 2.007155268
45 57 3 512 2.007185425
38 133 3 2048 2.007194401
2 97 3 512 2.007210701
6 246 3 4096 2.007256310
21 45 3 512 2.007284705
21 270 3 512 2.007296042
28 69 3 512 2.007310724
33 188 3 1024 2.007311379
17 155 3 512 2.007312372
10 19 3 1024 2.007343546
3 201 3 1024 2.007360752
32 77 3 1024 2.007421465
9 264 3 1024 2.007434184
42 297 3 2048 2.007471415
17 313 3 1024 2.007473121
44 185 3 16384 2.007492171
27 196 3 512 2.007492222
40 160 3 512 2.007511111
25 195 3 8192 2.007554075
34 312 3 2048 2.007576632
26 88 3 512 2.007593603
35 310 3 8192 2.007614958
38 30 3 1024 2.007615124
16 157 3 512 2.007688431
10 291 3 1024 2.007714213
4 86 3 1024 2.007745436
41 155 3 512 2.007763882
48 157 3 1024 2.007870993
32 86 3 1024 2.007874991
14 234 3 4096 2.007890390
1 51 3 512 2.007893343
23 104 3 512 2.007906879
11 144 3 512 2.007932787
32 261 3 512 2.007945159
45 317 3 512 2.007985311
7 130 3 512 2.007991369
1 312 3 65536 2.008000000
40 312 3 65536 2.008000000
45 312 3 65536 2.008000000
54 312 3 65536 2.008000000
74 312 3 65536 2.008000000
79 312 3 65536 2.008000000
112 312 3 65536 2.008000000
120 312 3 65536 2.008000000
127 312 3 65536 2.008000000
141 312 3 65536 2.008000000
154 312 3 65536 2.008000000
208 312 3 65536 2.008000000
209 312 3 65536 2.008000000
235 312 3 65536 2.008000000
241 312 3 65536 2.008000000
259 312 3 65536 2.008000000
28 159 3 1024 2.008017640
5 295 3 1024 2.008026015
14 23 3 4096 2.008062579
0 110 3 8192 2.008074318
14 7 3 512 2.008081399
48 227 3 1024 2.008083002
45 279 3 2048 2.008143164
19 72 3 1024 2.008144092
14 20 3 512 2.008266120
11 167 3 4096 2.008271480
36 48 3 512 2.008290925
16 143 3 512 2.008363689
46 120 3 1024 2.008378025
6 102 3 8192 2.008531212
24 178 3 1024 2.008543283
33 25 3 512 2.008543512
35 83 3 512 2.008544070
2 255 3 4096 2.008548665
9 15 3 1024 2.008555230
42 149 3 2048 2.008630124
40 226 3 2048 2.008656367
36 230 3 1024 2.008692070
39 37 3 512 2.008702745
43 194 3 4096 2.008732497
35 225 3 1024 2.008768566
26 139 3 512 2.008774333
17 125 3 512 2.008842103
42 199 3 1024 2.008967156
36 118 3 512 2.008970990
22 311 3 65536 2.009000000
25 311 3 65536 2.009000000
33 311 3 65536 2.009000000
51 311 3 65536 2.009000000
60 311 3 65536 2.009000000
99 311 3 65536 2.009000000
133 311 3 65536 2.009000000
155 311 3 65536 2.009000000
200 311 3 65536 2.009000000
202 311 3 65536 2.009000000
235 311 3 65536 2.009000000
254 311 3 65536 2.009000000
260 311 3 65536 2.009000000
272 311 3 65536 2.009000000
289 311 3 65536 2.009000000
316 311 3 65536 2.009000000
31 138 3 4096 2.009036718
13 64 3 512 2.009065319
42 176 3 512 2.009121923
42 153 3 4096 2.009223227
29 307 3 4096 2.009246117
37 77 3 4096 2.009246816
48 83 3 512 2.009289212
37 198 3 512 2.009293539
32 35 3 1024 2.009294357
6 182 3 1024 2.009336987
6 276 3 2048 2.009339382
8 139 3 2048 2.009344060
3 240 3 512 2.009354191
30 172 3 4096 2.009404651
36 280 3 1024 2.009474889
11 69 3 512 2.009523169
2 301 3 4096 2.009611784
23 282 3 1024 2.009688585
20 126 3 512 2.009724894
28 270 3 512 2.009726009
20 228 3 4096 2.009825473
36 132 3 512 2.009834623
9 164 3 2048 2.009850813
8 164 3 1024 2.009871016
11 49 3 4096 2.009885056
44 189 3 1024 2.009900238
28 230 3 1024 2.009925825
38 89 3 512 2.009958072
18 310 3 65536 2.010000000
31 310 3 65536 2.010000000
45 310 3 65536 2.010000000
56 310 3 65536 2.010000000
59 310 3 65536 2.010000000
63 310 3 65536 2.010000000
96 310 3 65536 2.010000000
153 310 3 65536 2.010000000
161 310 3 65536 2.010000000
163 310 3 65536 2.010000000
214 310 3 65536 2.010000000
230 310 3 65536 2.010000000
244 310 3 65536 2.010000000
272 310 3 65536 2.010000000
284 310 3 65536 2.010000000
316 310 3 65536 2.010000000
